csv_examples/Seabirdfile_exampleCK_A18.cnv
* Sea-Bird SBE19plus Data File:
* FileName = C:\Users\Christina\Desktop\CTD\A18.hex
* Software Version 1.59
* Temperature SN =  4291
* Conductivity SN =  4291
* System UpLoad Time = Feb 03 2017 13:55:29
* NMEA Latitude = 38 56.44 N
* NMEA Longitude = 021 03.19 E
* NMEA UTC (Time) = none
# nquan = 9
# nvalues = 250                         
# units = specified
# name 0 = prdM: Pressure, Strain Gauge [db]
# name 1 = tv290C: Temperature [ITS-90, deg C]
# name 2 = c0S/m: Conductivity [S/m]
# name 3 = sbeox0ML/L: Oxygen, SBE 43 [ml/l]
# name 4 = sbeox0Mg/L: Oxygen, SBE 43 [mg/l]
# name 5 = depSM: Depth [salt water, m], lat = 35.00
# name 6 = dz/dtM: Descent Rate [m/s]
# name 7 = sal00: Salinity, Practical [PSU]
# name 8 = flag: flag
# span 0 =      4.800,     54.600       
# span 1 =    11.5780,    17.9671       
# span 2 =   3.693673,   4.813115       
# span 3 =    -0.5744,     6.6536       
# span 4 =    -0.8208,     9.5087       
# span 5 =      4.766,     54.199       
# span 6 =      1.192,      1.356       
# span 7 =    32.3578,    36.9117       
# span 8 = 0.0000e+00, 0.0000e+00       
# interval = decibars: 0.2              
# start_time = Feb 03 2017 13:07:12 [Instrument's time stamp, header]
# bad_flag = -9.990e-29
*END*
      4.800    11.5780   3.693673     6.6536     9.5087      4.766      1.192    32.3578 0.0000e+00
      5.000    11.5959   3.696069     6.6350     9.4821      4.964      1.205    32.3897 0.0000e+00
      5.200 -9.990e-29 -9.990e-29 -9.990e-29 -9.990e-29 -9.990e-29 -9.990e-29 -9.990e-29 -9.990e-29
      5.400    11.6196   3.711035     6.6033     9.4368      5.311      1.221    32.4616 0.0000e+00
      5.600    11.6321   3.719302     6.5818     9.4061      5.559      1.225    32.5175 0.0000e+00
      5.800 -9.990e-29 -9.990e-29 -9.990e-29 -9.990e-29 -9.990e-29 -9.990e-29 -9.990e-29 -9.990e-29
      6.000    11.6461   3.720985     6.5529     9.3647      5.918      1.228    32.5854 0.0000e+00
      6.200    11.6500   3.720849     6.5351     9.3393      6.154      1.228    32.6287 0.0000e+00
      6.400 -9.990e-29 -9.990e-29 -9.990e-29 -9.990e-29 -9.990e-29 -9.990e-29 -9.990e-29 -9.990e-29
      6.600    11.6505   3.727963     6.5066     9.2986      6.527      1.227    32.7180 0.0000e+00
      6.800    11.6493   3.738356     6.4884     9.2726      6.751      1.226    32.7940 0.0000e+00
      7.000 -9.990e-29 -9.990e-29 -9.990e-29 -9.990e-29 -9.990e-29 -9.990e-29 -9.990e-29 -9.990e-29
      7.200    11.6529   3.759793     6.4558     9.2260      7.136      1.226    32.9418 0.0000e+00
      7.400    11.6645   3.771253     6.4374     9.1997      7.347      1.226    33.0254 0.0000e+00
      7.600 -9.990e-29 -9.990e-29 -9.990e-29 -9.990e-29 -9.990e-29 -9.990e-29 -9.990e-29 -9.990e-29
      7.800    11.7015   3.788643     6.4028     9.1503      7.744      1.226    33.1706 0.0000e+00
      8.000 -9.990e-29 -9.990e-29 -9.990e-29 -9.990e-29 -9.990e-29 -9.990e-29 -9.990e-29 -9.990e-29
      8.200    11.7468   3.798251     6.3757     9.1115      8.049      1.227    33.2682 0.0000e+00
      8.400    11.8001   3.808999     6.3470     9.0704      8.339      1.227    33.3629 0.0000e+00
      8.600 -9.990e-29 -9.990e-29 -9.990e-29 -9.990e-29 -9.990e-29 -9.990e-29 -9.990e-29 -9.990e-29
      8.800    11.8707   3.826610     6.3090     9.0163      8.662      1.228    33.4837 0.0000e+00
      9.000    11.9449   3.847937     6.2694     8.9597      8.934      1.230    33.6059 0.0000e+00
      9.200 -9.990e-29 -9.990e-29 -9.990e-29 -9.990e-29 -9.990e-29 -9.990e-29 -9.990e-29 -9.990e-29
      9.400    12.0595   3.879502     6.2104     8.8754      9.275      1.231    33.7769 0.0000e+00
      9.600    12.1688   3.906778     6.1575     8.7997      9.530      1.232    33.9158 0.0000e+00
      9.800 -9.990e-29 -9.990e-29 -9.990e-29 -9.990e-29 -9.990e-29 -9.990e-29 -9.990e-29 -9.990e-29
     10.000    12.3459   3.949792     6.0753     8.6822      9.887      1.233    34.1146 0.0000e+00
     10.200    12.4846   3.983219     6.0135     8.5938     10.126      1.235    34.2484 0.0000e+00
     10.400 -9.990e-29 -9.990e-29 -9.990e-29 -9.990e-29 -9.990e-29 -9.990e-29 -9.990e-29 -9.990e-29
     10.600    12.7235   4.036107     5.9083     8.4435     10.504      1.236    34.4469 0.0000e+00
     10.800    12.8729   4.060908     5.8410     8.3473     10.722      1.237    34.5380 0.0000e+00
     11.000 -9.990e-29 -9.990e-29 -9.990e-29 -9.990e-29 -9.990e-29 -9.990e-29 -9.990e-29 -9.990e-29
     11.200    13.1505   4.096279     5.7060     8.1544     11.125      1.239    34.6704 0.0000e+00
     11.400 -9.990e-29 -9.990e-29 -9.990e-29 -9.990e-29 -9.990e-29 -9.990e-29 -9.990e-29 -9.990e-29
     11.600    13.3584   4.114599     5.5826     7.9781     11.440      1.243    34.7443 0.0000e+00
     11.800    13.5260   4.129346     5.4570     7.7987     11.714      1.249    34.8115 0.0000e+00
     12.000 -9.990e-29 -9.990e-29 -9.990e-29 -9.990e-29 -9.990e-29 -9.990e-29 -9.990e-29 -9.990e-29
     12.200    13.7373   4.150527     5.2632     7.5217     12.085      1.259    34.9286 0.0000e+00
     12.400 -9.990e-29 -9.990e-29 -9.990e-29 -9.990e-29 -9.990e-29 -9.990e-29 -9.990e-29 -9.990e-29
     12.600    13.9207   4.172051     5.0608     7.2324     12.416      1.271    35.0809 0.0000e+00
     12.800    14.0931   4.205207     4.8608     6.9466     12.707      1.283    35.2735 0.0000e+00
     13.000 -9.990e-29 -9.990e-29 -9.990e-29 -9.990e-29 -9.990e-29 -9.990e-29 -9.990e-29 -9.990e-29
     13.200    14.3496   4.286242     4.5819     6.5480     13.083      1.300    35.6121 0.0000e+00
     13.400 -9.990e-29 -9.990e-29 -9.990e-29 -9.990e-29 -9.990e-29 -9.990e-29 -9.990e-29 -9.990e-29
     13.600    14.6367   4.391644     4.3212     6.1755     13.416      1.314    35.9844 0.0000e+00
     13.800    14.9363   4.474667     4.1004     5.8600     13.699      1.324    36.2778 0.0000e+00
     14.000 -9.990e-29 -9.990e-29 -9.990e-29 -9.990e-29 -9.990e-29 -9.990e-29 -9.990e-29 -9.990e-29
     14.200    15.3958   4.567109     3.8045     5.4371     14.089      1.337    36.5884 0.0000e+00
     14.400 -9.990e-29 -9.990e-29 -9.990e-29 -9.990e-29 -9.990e-29 -9.990e-29 -9.990e-29 -9.990e-29
     14.600    15.8162   4.631380     3.5493     5.0723     14.428      1.345    36.7539 0.0000e+00
     14.800    16.1298   4.669977     3.3398     4.7729     14.692      1.350    36.8225 0.0000e+00
     15.000 -9.990e-29 -9.990e-29 -9.990e-29 -9.990e-29 -9.990e-29 -9.990e-29 -9.990e-29 -9.990e-29
     15.200    16.5779   4.708572     2.9813     4.2607     15.104      1.354    36.8625 0.0000e+00
     15.400 -9.990e-29 -9.990e-29 -9.990e-29 -9.990e-29 -9.990e-29 -9.990e-29 -9.990e-29 -9.990e-29
     15.600    16.8787   4.720917     2.6376     3.7695     15.437      1.356    36.8380 0.0000e+00
     15.800    17.0560   4.730188     2.3428     3.3482     15.685      1.355    36.8134 0.0000e+00
     16.000 -9.990e-29 -9.990e-29 -9.990e-29 -9.990e-29 -9.990e-29 -9.990e-29 -9.990e-29 -9.990e-29
     16.200    17.2906   4.745484     1.8161     2.5953     16.094      1.352    36.7817 0.0000e+00
     16.400 -9.990e-29 -9.990e-29 -9.990e-29 -9.990e-29 -9.990e-29 -9.990e-29 -9.990e-29 -9.990e-29
     16.600    17.4203   4.750385     1.3667     1.9532     16.423      1.346    36.7593 0.0000e+00
     16.800    17.4922   4.751037     1.0240     1.4634     16.678      1.341    36.7419 0.0000e+00
     17.000 -9.990e-29 -9.990e-29 -9.990e-29 -9.990e-29 -9.990e-29 -9.990e-29 -9.990e-29 -9.990e-29
     17.200    17.5781   4.751906     0.5095     0.7280     17.085      1.335    36.7200 0.0000e+00
     17.400 -9.990e-29 -9.990e-29 -9.990e-29 -9.990e-29 -9.990e-29 -9.990e-29 -9.990e-29 -9.990e-29
     17.600    17.6222   4.752468     0.1498     0.2141     17.419      1.333    36.7110 0.0000e+00
     17.800    17.6449   4.752767    -0.0665    -0.0950     17.670      1.333    36.7106 0.0000e+00
     18.000 -9.990e-29 -9.990e-29 -9.990e-29 -9.990e-29 -9.990e-29 -9.990e-29 -9.990e-29 -9.990e-29
     18.200    17.6752   4.753709    -0.3528    -0.5041     18.093      1.337    36.7194 0.0000e+00
     18.400 -9.990e-29 -9.990e-29 -9.990e-29 -9.990e-29 -9.990e-29 -9.990e-29 -9.990e-29 -9.990e-29
     18.600    17.6945   4.757663    -0.4901    -0.7004     18.430      1.342    36.7405 0.0000e+00
     18.800 -9.990e-29 -9.990e-29 -9.990e-29 -9.990e-29 -9.990e-29 -9.990e-29 -9.990e-29 -9.990e-29
     19.000    17.7148   4.766674    -0.5605    -0.8010     18.766      1.347    36.7752 0.0000e+00
     19.200    17.7370   4.777196    -0.5744    -0.8208     19.060      1.351    36.8125 0.0000e+00
     19.400 -9.990e-29 -9.990e-29 -9.990e-29 -9.990e-29 -9.990e-29 -9.990e-29 -9.990e-29 -9.990e-29
     19.600    17.7722   4.789999    -0.5512    -0.7878     19.436      1.353    36.8576 0.0000e+00
     19.800 -9.990e-29 -9.990e-29 -9.990e-29 -9.990e-29 -9.990e-29 -9.990e-29 -9.990e-29 -9.990e-29
     20.000    17.8097   4.798236    -0.4991    -0.7132     19.772      1.354    36.8867 0.0000e+00
     20.200    17.8428   4.802489    -0.4425    -0.6324     20.053      1.353    36.9002 0.0000e+00
     20.400 -9.990e-29 -9.990e-29 -9.990e-29 -9.990e-29 -9.990e-29 -9.990e-29 -9.990e-29 -9.990e-29
     20.600    17.8856   4.807094    -0.3598    -0.5142     20.440      1.352    36.9098 0.0000e+00
     20.800 -9.990e-29 -9.990e-29 -9.990e-29 -9.990e-29 -9.990e-29 -9.990e-29 -9.990e-29 -9.990e-29
     21.000    17.9167   4.810190    -0.2896    -0.4139     20.776      1.351    36.9117 0.0000e+00
     21.200    17.9362   4.811856    -0.2385    -0.3408     21.046      1.351    36.9101 0.0000e+00
     21.400 -9.990e-29 -9.990e-29 -9.990e-29 -9.990e-29 -9.990e-29 -9.990e-29 -9.990e-29 -9.990e-29
     21.600    17.9581   4.813115    -0.1702    -0.2432     21.450      1.351    36.9041 0.0000e+00
     21.800 -9.990e-29 -9.990e-29 -9.990e-29 -9.990e-29 -9.990e-29 -9.990e-29 -9.990e-29 -9.990e-29
     22.000    17.9670   4.812065    -0.1236    -0.1766     21.786      1.352    36.8949 0.0000e+00
     22.200    17.9671   4.810362    -0.0947    -0.1352     22.038      1.353    36.8859 0.0000e+00
     22.400 -9.990e-29 -9.990e-29 -9.990e-29 -9.990e-29 -9.990e-29 -9.990e-29 -9.990e-29 -9.990e-29
     22.600    17.9583   4.806959    -0.0534    -0.0762     22.454      1.352    36.8699 0.0000e+00
     22.800 -9.990e-29 -9.990e-29 -9.990e-29 -9.990e-29 -9.990e-29 -9.990e-29 -9.990e-29 -9.990e-29
     23.000    17.9412   4.802199    -0.0269    -0.0384     22.784      1.351    36.8555 0.0000e+00
     23.200    17.9224   4.796869    -0.0104    -0.0149     23.031      1.349    36.8439 0.0000e+00
     23.400 -9.990e-29 -9.990e-29 -9.990e-29 -9.990e-29 -9.990e-29 -9.990e-29 -9.990e-29 -9.990e-29
     23.600    17.8831   4.788186     0.0135     0.0194     23.445      1.344    36.8277 0.0000e+00
     23.800 -9.990e-29 -9.990e-29 -9.990e-29 -9.990e-29 -9.990e-29 -9.990e-29 -9.990e-29 -9.990e-29
     24.000    17.8446   4.783465     0.0287     0.0411     23.779      1.341    36.8228 0.0000e+00
     24.200    17.8153   4.780824     0.0378     0.0540     24.025      1.340    36.8237 0.0000e+00
     24.400 -9.990e-29 -9.990e-29 -9.990e-29 -9.990e-29 -9.990e-29 -9.990e-29 -9.990e-29 -9.990e-29
     24.600    17.7659   4.776594     0.0508     0.0726     24.449      1.339    36.8278 0.0000e+00
     24.800 -9.990e-29 -9.990e-29 -9.990e-29 -9.990e-29 -9.990e-29 -9.990e-29 -9.990e-29 -9.990e-29
     25.000    17.7302   4.773963     0.0579     0.0827     24.782      1.340    36.8326 0.0000e+00
     25.200    17.7074   4.772601     0.0614     0.0877     25.017      1.341    36.8359 0.0000e+00
     25.400 -9.990e-29 -9.990e-29 -9.990e-29 -9.990e-29 -9.990e-29 -9.990e-29 -9.990e-29 -9.990e-29
     25.600    17.6691   4.770552     0.0661     0.0944     25.444      1.342    36.8407 0.0000e+00
     25.800 -9.990e-29 -9.990e-29 -9.990e-29 -9.990e-29 -9.990e-29 -9.990e-29 -9.990e-29 -9.990e-29
     26.000    17.6429   4.768658     0.0682     0.0975     25.776      1.342    36.8410 0.0000e+00
     26.200 -9.990e-29 -9.990e-29 -9.990e-29 -9.990e-29 -9.990e-29 -9.990e-29 -9.990e-29 -9.990e-29
     26.400    17.6179   4.764717     0.0697     0.0996     26.109      1.341    36.8367 0.0000e+00
     26.600    17.5950   4.759471     0.0708     0.1010     26.406      1.340    36.8299 0.0000e+00
     26.800 -9.990e-29 -9.990e-29 -9.990e-29 -9.990e-29 -9.990e-29 -9.990e-29 -9.990e-29 -9.990e-29
     27.000    17.5637   4.754308     0.0718     0.1025     26.781      1.341    36.8243 0.0000e+00
     27.200 -9.990e-29 -9.990e-29 -9.990e-29 -9.990e-29 -9.990e-29 -9.990e-29 -9.990e-29 -9.990e-29
     27.400    17.5340   4.752678     0.0723     0.1033     27.119      1.344    36.8264 0.0000e+00
     27.600    17.5106   4.751792     0.0724     0.1033     27.399      1.347    36.8307 0.0000e+00
     27.800 -9.990e-29 -9.990e-29 -9.990e-29 -9.990e-29 -9.990e-29 -9.990e-29 -9.990e-29 -9.990e-29
     28.000    17.4816   4.749881     0.0720     0.1029     27.790      1.350    36.8350 0.0000e+00
     28.200 -9.990e-29 -9.990e-29 -9.990e-29 -9.990e-29 -9.990e-29 -9.990e-29 -9.990e-29 -9.990e-29
     28.400    17.4601   4.747969     0.0714     0.1020     28.123      1.351    36.8358 0.0000e+00
     28.600    17.4441   4.746278     0.0707     0.1009     28.392      1.351    36.8348 0.0000e+00
     28.800 -9.990e-29 -9.990e-29 -9.990e-29 -9.990e-29 -9.990e-29 -9.990e-29 -9.990e-29 -9.990e-29
     29.000    17.4210   4.743378     0.0693     0.0990     28.786      1.350    36.8317 0.0000e+00
     29.200 -9.990e-29 -9.990e-29 -9.990e-29 -9.990e-29 -9.990e-29 -9.990e-29 -9.990e-29 -9.990e-29
     29.400    17.4017   4.740708     0.0679     0.0971     29.118      1.347    36.8279 0.0000e+00
     29.600    17.3857   4.738426     0.0668     0.0954     29.384      1.345    36.8248 0.0000e+00
     29.800 -9.990e-29 -9.990e-29 -9.990e-29 -9.990e-29 -9.990e-29 -9.990e-29 -9.990e-29 -9.990e-29
     30.000    17.3612   4.734875     0.0651     0.0930     29.786      1.342    36.8206 0.0000e+00
     30.200 -9.990e-29 -9.990e-29 -9.990e-29 -9.990e-29 -9.990e-29 -9.990e-29 -9.990e-29 -9.990e-29
     30.400    17.3404   4.732553     0.0635     0.0908     30.122      1.342    36.8187 0.0000e+00
     30.600    17.3247   4.731213     0.0622     0.0889     30.377      1.343    36.8185 0.0000e+00
     30.800 -9.990e-29 -9.990e-29 -9.990e-29 -9.990e-29 -9.990e-29 -9.990e-29 -9.990e-29 -9.990e-29
     31.000    17.3002   4.729070     0.0601     0.0859     30.791      1.344    36.8184 0.0000e+00
     31.200 -9.990e-29 -9.990e-29 -9.990e-29 -9.990e-29 -9.990e-29 -9.990e-29 -9.990e-29 -9.990e-29
     31.400    17.2816   4.727473     0.0586     0.0838     31.124      1.346    36.8179 0.0000e+00
     31.600    17.2683   4.726261     0.0578     0.0825     31.370      1.346    36.8168 0.0000e+00
     31.800 -9.990e-29 -9.990e-29 -9.990e-29 -9.990e-29 -9.990e-29 -9.990e-29 -9.990e-29 -9.990e-29
     32.000    17.2458   4.724125     0.0566     0.0808     31.788      1.346    36.8133 0.0000e+00
     32.200 -9.990e-29 -9.990e-29 -9.990e-29 -9.990e-29 -9.990e-29 -9.990e-29 -9.990e-29 -9.990e-29
     32.400    17.2275   4.722154     0.0558     0.0798     32.121      1.345    36.8083 0.0000e+00
     32.600    17.2131   4.719728     0.0554     0.0792     32.362      1.344    36.8026 0.0000e+00
     32.800 -9.990e-29 -9.990e-29 -9.990e-29 -9.990e-29 -9.990e-29 -9.990e-29 -9.990e-29 -9.990e-29
     33.000    17.1850   4.713853     0.0551     0.0787     32.785      1.341    36.7900 0.0000e+00
     33.200 -9.990e-29 -9.990e-29 -9.990e-29 -9.990e-29 -9.990e-29 -9.990e-29 -9.990e-29 -9.990e-29
     33.400    17.1582   4.709094     0.0553     0.0791     33.118      1.340    36.7807 0.0000e+00
     33.600    17.1362   4.706401     0.0560     0.0801     33.355      1.340    36.7769 0.0000e+00
     33.800 -9.990e-29 -9.990e-29 -9.990e-29 -9.990e-29 -9.990e-29 -9.990e-29 -9.990e-29 -9.990e-29
     34.000    17.0940   4.701544     0.0583     0.0832     33.783      1.340    36.7731 0.0000e+00
     34.200 -9.990e-29 -9.990e-29 -9.990e-29 -9.990e-29 -9.990e-29 -9.990e-29 -9.990e-29 -9.990e-29
     34.400    17.0597   4.697028     0.0614     0.0877     34.116      1.340    36.7725 0.0000e+00
     34.600 -9.990e-29 -9.990e-29 -9.990e-29 -9.990e-29 -9.990e-29 -9.990e-29 -9.990e-29 -9.990e-29
     34.800    17.0254   4.691616     0.0659     0.0942     34.451      1.340    36.7737 0.0000e+00
     35.000    16.9961   4.688464     0.0712     0.1017     34.744      1.341    36.7792 0.0000e+00
     35.200 -9.990e-29 -9.990e-29 -9.990e-29 -9.990e-29 -9.990e-29 -9.990e-29 -9.990e-29 -9.990e-29
     35.400    16.9617   4.689404     0.0794     0.1135     35.119      1.343    36.7950 0.0000e+00
     35.600 -9.990e-29 -9.990e-29 -9.990e-29 -9.990e-29 -9.990e-29 -9.990e-29 -9.990e-29 -9.990e-29
     35.800    16.9377   4.693007     0.0884     0.1264     35.453      1.344    36.8139 0.0000e+00
     36.000    16.9234   4.693554     0.0971     0.1388     35.736      1.345    36.8243 0.0000e+00
     36.200 -9.990e-29 -9.990e-29 -9.990e-29 -9.990e-29 -9.990e-29 -9.990e-29 -9.990e-29 -9.990e-29
     36.400    16.9085   4.691083     0.1092     0.1561     36.121      1.346    36.8283 0.0000e+00
     36.600 -9.990e-29 -9.990e-29 -9.990e-29 -9.990e-29 -9.990e-29 -9.990e-29 -9.990e-29 -9.990e-29
