csv_examples/Seabirdfile_exampleCK_A18.cnv
* Sea-Bird SBE19plus Data File:
* FileName = C:\Users\Christina\Desktop\CTD\A18.hex
* Software Version 1.59
* Temperature SN =  4291
* Conductivity SN =  4291
* System UpLoad Time = Feb 03 2017 13:55:29
* NMEA Latitude = 38 56.44 N
* NMEA Longitude = 021 03.19 E
* NMEA UTC (Time) = none
# nquan = 9
# nvalues = 250                         
# units = specified
# name 0 = prdM: Pressure, Strain Gauge [db]
# name 1 = tv290C: Temperature [ITS-90, deg C]
# name 2 = c0S/m: Conductivity [S/m]
# name 3 = sbeox0ML/L: Oxygen, SBE 43 [ml/l]
# name 4 = sbeox0Mg/L: Oxygen, SBE 43 [mg/l]
# name 5 = depSM: Depth [salt water, m], lat = 35.00
# name 6 = dz/dtM: Descent Rate [m/s]
# name 7 = sal00: Salinity, Practical [PSU]
# name 8 = flag: flag
# span 0 =      4.800,     54.600       
# span 1 =    11.5780,    17.9671       
# span 2 =   3.693673,   4.813115       
# span 3 =    -0.5744,     6.6536       
# span 4 =    -0.8208,     9.5087       
# span 5 =      4.766,     54.199       
# span 6 =      1.192,      1.356       
# span 7 =    32.3578,    36.9117       
# span 8 = 0.0000e+00, 0.0000e+00       
# interval = decibars: 0.2              
# start_time = Feb 03 2017 13:07:12 [Instrument's time stamp, header]
# bad_flag = -9.990e-29
*END*
[from data line 161]
     37.000    16.8841   4.686048     0.1248     0.1783     36.730      1.347    36.8257 0.0000e+00
     37.200 -9.990e-29 -9.990e-29 -9.990e-29 -9.990e-29 -9.990e-29 -9.990e-29 -9.990e-29 -9.990e-29
     37.400    16.8655   4.684245     0.1290     0.1844     37.127      1.348    36.8285 0.0000e+00
     37.600 -9.990e-29 -9.990e-29 -9.990e-29 -9.990e-29 -9.990e-29 -9.990e-29 -9.990e-29 -9.990e-29
     37.800    16.8503   4.683668     0.1270     0.1814     37.461      1.348    36.8342 0.0000e+00
     38.000    16.8400   4.683573     0.1215     0.1736     37.722      1.348    36.8395 0.0000e+00
     38.200 -9.990e-29 -9.990e-29 -9.990e-29 -9.990e-29 -9.990e-29 -9.990e-29 -9.990e-29 -9.990e-29
     38.400    16.8268   4.683612     0.1089     0.1557     38.129      1.348    36.8476 0.0000e+00
     38.600 -9.990e-29 -9.990e-29 -9.990e-29 -9.990e-29 -9.990e-29 -9.990e-29 -9.990e-29 -9.990e-29
     38.800    16.8195   4.683798     0.0954     0.1364     38.462      1.347    36.8531 0.0000e+00
     39.000    16.8158   4.684058     0.0845     0.1208     38.715      1.346    36.8564 0.0000e+00
     39.200 -9.990e-29 -9.990e-29 -9.990e-29 -9.990e-29 -9.990e-29 -9.990e-29 -9.990e-29 -9.990e-29
     39.400    16.8113   4.684704     0.0676     0.0966     39.129      1.345    36.8606 0.0000e+00
     39.600 -9.990e-29 -9.990e-29 -9.990e-29 -9.990e-29 -9.990e-29 -9.990e-29 -9.990e-29 -9.990e-29
     39.800    16.8087   4.685469     0.0561     0.0802     39.463      1.345    36.8623 0.0000e+00
     40.000    16.8067   4.685941     0.0495     0.0709     39.707      1.345    36.8619 0.0000e+00
     40.200 -9.990e-29 -9.990e-29 -9.990e-29 -9.990e-29 -9.990e-29 -9.990e-29 -9.990e-29 -9.990e-29
     40.400    16.8015   4.685576     0.0407     0.0581     40.134      1.346    36.8576 0.0000e+00
     40.600 -9.990e-29 -9.990e-29 -9.990e-29 -9.990e-29 -9.990e-29 -9.990e-29 -9.990e-29 -9.990e-29
     40.800    16.7936   4.682667     0.0363     0.0518     40.469      1.347    36.8489 0.0000e+00
     41.000 -9.990e-29 -9.990e-29 -9.990e-29 -9.990e-29 -9.990e-29 -9.990e-29 -9.990e-29 -9.990e-29
     41.200    16.7804   4.678377     0.0335     0.0479     40.803      1.348    36.8376 0.0000e+00
     41.400    16.7635   4.674676     0.0322     0.0460     41.097      1.348    36.8290 0.0000e+00
     41.600 -9.990e-29 -9.990e-29 -9.990e-29 -9.990e-29 -9.990e-29 -9.990e-29 -9.990e-29 -9.990e-29
     41.800    16.7372   4.670149     0.0314     0.0448     41.468      1.348    36.8214 0.0000e+00
     42.000 -9.990e-29 -9.990e-29 -9.990e-29 -9.990e-29 -9.990e-29 -9.990e-29 -9.990e-29 -9.990e-29
     42.200    16.7105   4.666441     0.0314     0.0450     41.800      1.346    36.8184 0.0000e+00
     42.400    16.6866   4.663680     0.0318     0.0456     42.089      1.344    36.8186 0.0000e+00
     42.600 -9.990e-29 -9.990e-29 -9.990e-29 -9.990e-29 -9.990e-29 -9.990e-29 -9.990e-29 -9.990e-29
     42.800    16.6569   4.661130     0.0326     0.0467     42.466      1.343    36.8220 0.0000e+00
     43.000 -9.990e-29 -9.990e-29 -9.990e-29 -9.990e-29 -9.990e-29 -9.990e-29 -9.990e-29 -9.990e-29
     43.200    16.6334   4.660166     0.0335     0.0479     42.800      1.342    36.8278 0.0000e+00
     43.400    16.6165   4.659515     0.0341     0.0488     43.082      1.341    36.8332 0.0000e+00
     43.600 -9.990e-29 -9.990e-29 -9.990e-29 -9.990e-29 -9.990e-29 -9.990e-29 -9.990e-29 -9.990e-29
     43.800    16.5974   4.658567     0.0346     0.0494     43.464      1.341    36.8396 0.0000e+00
     44.000 -9.990e-29 -9.990e-29 -9.990e-29 -9.990e-29 -9.990e-29 -9.990e-29 -9.990e-29 -9.990e-29
     44.200    16.5844   4.658070     0.0347     0.0496     43.796      1.341    36.8443 0.0000e+00
     44.400    16.5755   4.657922     0.0346     0.0494     44.074      1.341    36.8477 0.0000e+00
     44.600 -9.990e-29 -9.990e-29 -9.990e-29 -9.990e-29 -9.990e-29 -9.990e-29 -9.990e-29 -9.990e-29
     44.800    16.5648   4.657800     0.0344     0.0492     44.464      1.342    36.8516 0.0000e+00
     45.000 -9.990e-29 -9.990e-29 -9.990e-29 -9.990e-29 -9.990e-29 -9.990e-29 -9.990e-29 -9.990e-29
     45.200    16.5574   4.657458     0.0344     0.0492     44.798      1.342    36.8532 0.0000e+00
     45.400    16.5519   4.656856     0.0348     0.0498     45.067      1.343    36.8530 0.0000e+00
     45.600 -9.990e-29 -9.990e-29 -9.990e-29 -9.990e-29 -9.990e-29 -9.990e-29 -9.990e-29 -9.990e-29
     45.800    16.5437   4.655788     0.0358     0.0511     45.468      1.344    36.8513 0.0000e+00
     46.000 -9.990e-29 -9.990e-29 -9.990e-29 -9.990e-29 -9.990e-29 -9.990e-29 -9.990e-29 -9.990e-29
     46.200    16.5362   4.654807     0.0367     0.0524     45.803      1.346    36.8490 0.0000e+00
     46.400    16.5296   4.653869     0.0372     0.0532     46.060      1.347    36.8466 0.0000e+00
     46.600 -9.990e-29 -9.990e-29 -9.990e-29 -9.990e-29 -9.990e-29 -9.990e-29 -9.990e-29 -9.990e-29
     46.800    16.5178   4.652009     0.0381     0.0545     46.469      1.348    36.8420 0.0000e+00
     47.000 -9.990e-29 -9.990e-29 -9.990e-29 -9.990e-29 -9.990e-29 -9.990e-29 -9.990e-29 -9.990e-29
     47.200    16.5065   4.650316     0.0388     0.0554     46.802      1.347    36.8376 0.0000e+00
     47.400    16.4966   4.649138     0.0390     0.0558     47.053      1.346    36.8340 0.0000e+00
     47.600 -9.990e-29 -9.990e-29 -9.990e-29 -9.990e-29 -9.990e-29 -9.990e-29 -9.990e-29 -9.990e-29
     47.800    16.4787   4.647018     0.0393     0.0561     47.469      1.345    36.8272 0.0000e+00
     48.000 -9.990e-29 -9.990e-29 -9.990e-29 -9.990e-29 -9.990e-29 -9.990e-29 -9.990e-29 -9.990e-29
     48.200    16.4619   4.644804     0.0394     0.0563     47.802      1.344    36.8197 0.0000e+00
     48.400    16.4478   4.642715     0.0396     0.0566     48.045      1.343    36.8123 0.0000e+00
     48.600 -9.990e-29 -9.990e-29 -9.990e-29 -9.990e-29 -9.990e-29 -9.990e-29 -9.990e-29 -9.990e-29
     48.800    16.4193   4.638235     0.0404     0.0576     48.470      1.343    36.7963 0.0000e+00
     49.000 -9.990e-29 -9.990e-29 -9.990e-29 -9.990e-29 -9.990e-29 -9.990e-29 -9.990e-29 -9.990e-29
     49.200    16.3914   4.633193     0.0418     0.0598     48.802      1.343    36.7797 0.0000e+00
     49.400    16.3674   4.628041     0.0439     0.0627     49.038      1.343    36.7658 0.0000e+00
     49.600 -9.990e-29 -9.990e-29 -9.990e-29 -9.990e-29 -9.990e-29 -9.990e-29 -9.990e-29 -9.990e-29
     49.800    16.3165   4.617219     0.0498     0.0712     49.468      1.343    36.7396 0.0000e+00
     50.000 -9.990e-29 -9.990e-29 -9.990e-29 -9.990e-29 -9.990e-29 -9.990e-29 -9.990e-29 -9.990e-29
     50.200    16.2685   4.609056     0.0585     0.0835     49.802      1.343    36.7233 0.0000e+00
     50.400 -9.990e-29 -9.990e-29 -9.990e-29 -9.990e-29 -9.990e-29 -9.990e-29 -9.990e-29 -9.990e-29
     50.600    16.2154   4.601398     0.0727     0.1039     50.135      1.343    36.7132 0.0000e+00
     50.800    16.1672   4.594833     0.0926     0.1323     50.427      1.343    36.7095 0.0000e+00
     51.000 -9.990e-29 -9.990e-29 -9.990e-29 -9.990e-29 -9.990e-29 -9.990e-29 -9.990e-29 -9.990e-29
     51.200    16.1067   4.588704     0.1294     0.1849     50.799      1.343    36.7119 0.0000e+00
     51.400 -9.990e-29 -9.990e-29 -9.990e-29 -9.990e-29 -9.990e-29 -9.990e-29 -9.990e-29 -9.990e-29
     51.600    16.0572   4.586535     0.1770     0.2529     51.130      1.342    36.7220 0.0000e+00
     51.800    16.0207   4.585526     0.2309     0.3301     51.419      1.342    36.7326 0.0000e+00
     52.000 -9.990e-29 -9.990e-29 -9.990e-29 -9.990e-29 -9.990e-29 -9.990e-29 -9.990e-29 -9.990e-29
     52.200    15.9815   4.584435     0.3155     0.4509     51.795      1.341    36.7439 0.0000e+00
     52.400 -9.990e-29 -9.990e-29 -9.990e-29 -9.990e-29 -9.990e-29 -9.990e-29 -9.990e-29 -9.990e-29
     52.600    15.9548   4.582856     0.4036     0.5768     52.126      1.341    36.7491 0.0000e+00
     52.800    15.9354   4.580459     0.4868     0.6956     52.412      1.340    36.7491 0.0000e+00
     53.000 -9.990e-29 -9.990e-29 -9.990e-29 -9.990e-29 -9.990e-29 -9.990e-29 -9.990e-29 -9.990e-29
     53.200    15.9123   4.577546     0.5954     0.8509     52.777      1.339    36.7473 0.0000e+00
     53.400    15.8978   4.575459     0.6624     0.9466     53.008      1.337    36.7464 0.0000e+00
     53.600 -9.990e-29 -9.990e-29 -9.990e-29 -9.990e-29 -9.990e-29 -9.990e-29 -9.990e-29 -9.990e-29
     53.800    15.8727   4.571904     0.7695     1.0997     53.396      1.330    36.7461 0.0000e+00
     54.000    15.8588   4.571481     0.8205     1.1726     53.603      1.322    36.7492 0.0000e+00
     54.200 -9.990e-29 -9.990e-29 -9.990e-29 -9.990e-29 -9.990e-29 -9.990e-29 -9.990e-29 -9.990e-29
     54.400    15.8366   4.571642     0.8968     1.2817     53.932      1.300    36.7574 0.0000e+00
     54.600    15.8192   4.569956     0.9557     1.3659     54.199      1.254    36.7631 0.0000e+00
